<?xml version="1.0" standalone="no"?>
<!DOCTYPE svg PUBLIC "-//W3C//DTD SVG 20010904//EN"
 "http://www.w3.org/TR/2001/REC-SVG-20010904/DTD/svg10.dtd">
<svg version="1.0" xmlns="http://www.w3.org/2000/svg"
 width="254.000000pt" height="259.000000pt" viewBox="0 0 254.000000 259.000000"
 preserveAspectRatio="xMidYMid meet">

<g transform="translate(0.000000,259.000000) scale(0.100000,-0.100000)"
fill="#000000" stroke="none">
<path d="M1290 2413 c-14 -2 -70 -18 -125 -35 -73 -23 -118 -44 -165 -78 -36
-26 -86 -57 -111 -68 -29 -12 -54 -32 -65 -51 -10 -17 -23 -31 -30 -31 -6 0
-19 -21 -29 -47 -10 -27 -24 -51 -31 -56 -7 -4 -18 -24 -25 -45 -7 -20 -19
-42 -28 -49 -9 -6 -13 -15 -8 -19 4 -4 7 -3 7 2 0 6 16 11 35 12 34 3 35 1 35
-32 0 -43 -44 -134 -55 -116 -11 18 -8 81 5 94 13 13 13 26 0 26 -26 0 -45
-120 -20 -128 5 -2 10 -11 10 -20 0 -14 2 -14 9 -3 14 22 25 -83 11 -108 -21
-41 -82 -12 -93 45 -7 39 18 28 36 -16 10 -27 21 -40 34 -39 14 0 15 2 3 6
-21 8 -30 24 -30 53 1 23 2 24 14 7 10 -13 16 -15 21 -7 10 15 -1 23 -57 44
-27 10 -48 23 -48 29 0 14 18 43 22 37 2 -3 8 -14 14 -24 6 -11 17 -22 25 -24
11 -3 11 -1 -1 7 -10 7 -11 11 -3 11 9 0 10 7 4 22 -5 13 -4 35 2 51 5 15 7
31 3 34 -3 3 -9 -8 -12 -25 -4 -21 -13 -32 -30 -36 -17 -5 -26 -16 -30 -34 -3
-17 -18 -35 -37 -47 -31 -18 -31 -19 -9 -23 19 -3 23 -8 19 -25 -3 -12 -9 -40
-12 -62 -4 -22 -11 -50 -17 -62 -8 -17 -7 -25 5 -38 21 -21 13 -40 -24 -55
-16 -7 -39 -24 -49 -38 l-20 -25 0 27 c0 68 -58 176 -95 176 -5 0 0 -8 12 -18
46 -36 92 -203 59 -215 -10 -4 -13 -1 -10 7 3 7 -15 40 -40 74 -42 57 -87 92
-118 92 -7 0 5 -9 27 -19 32 -14 48 -33 83 -93 41 -72 52 -108 32 -108 -5 0
-16 11 -25 23 -39 60 -165 131 -189 107 -7 -7 -2 -10 18 -10 43 0 93 -28 132
-74 47 -54 57 -73 39 -73 -8 0 -12 3 -10 7 2 3 -21 23 -52 43 -45 30 -65 37
-104 37 -53 0 -77 -16 -26 -18 79 -2 98 -5 85 -14 -9 -6 -6 -7 9 -3 23 6 40
-9 22 -21 -7 -4 -9 -3 -6 3 4 7 -2 11 -16 10 -12 0 -38 3 -57 7 -25 5 -41 3
-55 -7 -18 -14 -16 -15 27 -10 36 4 58 0 103 -21 31 -14 54 -30 50 -36 -3 -5
-12 -10 -18 -10 -7 0 -6 4 3 11 11 8 4 9 -29 4 -52 -7 -84 -22 -76 -36 4 -5
-4 -19 -17 -30 l-23 -20 34 17 c26 12 47 15 85 9 28 -3 61 -7 72 -8 31 -3 23
-28 -17 -55 -19 -13 -38 -31 -43 -40 -8 -15 -7 -15 11 1 30 26 83 40 83 21 0
-8 -5 -14 -12 -14 -18 0 -106 -59 -112 -76 -4 -10 4 -7 23 8 15 14 43 30 61
38 27 11 33 11 41 -1 6 -10 4 -17 -8 -24 -31 -18 -83 -73 -83 -86 0 -8 10 1
21 18 14 21 34 37 59 44 34 10 38 14 29 31 -11 21 -17 203 -7 213 3 4 16 -7
27 -24 16 -22 21 -43 20 -73 -2 -24 3 -52 10 -63 12 -20 12 -20 6 0 -16 48
-10 55 48 56 28 1 66 5 82 9 18 5 -3 6 -53 3 l-83 -6 7 29 c8 36 20 49 28 35
4 -6 23 -11 42 -11 35 0 82 21 143 65 47 35 83 32 123 -8 l34 -33 69 38 c39
21 83 38 98 38 25 0 27 -3 21 -22 -4 -13 -13 -33 -21 -44 -19 -30 -129 -124
-144 -124 -7 0 -9 -3 -5 -7 3 -4 -3 -12 -15 -19 -12 -6 -17 -14 -11 -18 5 -3
41 15 78 41 71 48 118 60 169 39 20 -8 20 -7 1 8 -11 9 -31 16 -45 16 -26 0
-22 12 7 16 9 1 35 7 57 13 22 6 60 11 85 11 32 1 39 4 26 9 -18 7 -17 9 11
18 29 11 33 9 79 -39 l49 -50 -40 6 c-24 3 -32 2 -20 -3 16 -7 15 -9 -13 -14
-17 -4 -39 -4 -49 0 -11 4 -14 3 -9 -5 4 -7 2 -10 -6 -7 -19 7 -149 -37 -182
-61 l-29 -21 109 -17 c59 -9 110 -18 112 -20 1 -2 -8 -6 -21 -10 -20 -5 -88 7
-202 34 -20 5 -36 0 -31 -9 3 -5 27 -12 53 -15 27 -4 66 -12 88 -18 l40 -11
-40 -14 c-22 -8 -58 -16 -80 -19 -22 -3 -46 -7 -53 -9 -7 -3 -10 0 -6 6 3 6
-4 22 -17 35 l-24 25 30 -11 c16 -6 35 -16 41 -21 13 -11 54 -21 54 -13 0 8
-119 62 -125 56 -6 -6 -27 -9 -82 -13 -35 -2 -47 -19 -14 -19 24 0 32 -31 18
-75 l-10 -35 -71 0 c-62 0 -75 3 -98 25 -40 37 -43 58 -14 103 14 22 22 43 19
46 -4 3 -21 6 -40 6 -18 0 -33 5 -33 11 0 5 -5 7 -10 4 -6 -4 -8 -11 -5 -16 9
-14 -49 -11 -64 3 -11 10 -13 10 -7 1 5 -8 1 -13 -10 -13 -12 0 -1 -17 35 -54
67 -71 68 -91 3 -82 -62 9 -99 24 -107 44 -3 8 0 19 7 24 10 6 8 8 -4 8 -19 0
-22 -8 -12 -35 10 -25 52 -41 141 -55 46 -8 86 -16 91 -19 10 -7 43 -123 37
-129 -4 -4 -49 43 -103 107 -11 13 -12 13 -6 1 4 -8 16 -25 27 -37 20 -22 21
-74 2 -117 -6 -14 -5 -17 3 -12 15 9 15 11 -3 -48 -20 -65 -19 -69 10 -50 14
9 25 12 25 6 0 -5 -11 -35 -25 -66 -29 -66 -30 -73 -10 -56 8 7 12 17 8 23 -3
6 -1 7 5 3 7 -4 10 -2 7 7 -3 7 6 39 20 70 26 59 24 69 -7 40 -27 -25 -34 -7
-17 42 9 24 13 46 9 47 -4 2 -5 21 -1 43 7 38 7 39 19 18 7 -13 26 -30 43 -38
l30 -16 -17 32 c-9 18 -16 47 -17 65 -1 18 -5 31 -9 28 -4 -3 -8 0 -8 6 0 7 6
10 14 7 7 -3 19 0 25 6 8 8 11 6 11 -7 0 -11 -5 -15 -12 -10 -10 5 -10 4 -1
-6 12 -13 37 -4 28 11 -3 5 1 6 10 2 9 -3 12 -9 7 -12 -9 -6 -26 -68 -27 -101
0 -8 -4 -20 -8 -26 -4 -7 0 -15 8 -18 12 -4 13 -10 5 -25 -14 -27 -13 -30 10
-24 22 6 26 -7 9 -24 -10 -10 9 -56 43 -105 18 -25 -1 -40 -47 -36 l-37 3 22
28 c26 32 14 34 -40 7 -39 -20 -52 -16 -28 8 9 9 9 12 1 12 -14 0 -26 -18 -30
-43 -3 -16 0 -16 37 3 51 26 56 25 36 -5 l-16 -25 40 0 40 0 -41 -37 c-36 -32
-69 -80 -69 -99 0 -3 7 -1 15 6 13 11 15 7 15 -26 0 -29 3 -35 10 -24 7 11 10
-1 10 -39 0 -43 3 -52 12 -43 20 20 23 14 19 -45 -3 -56 -2 -57 15 -42 26 22
54 13 54 -17 0 -35 17 -29 39 14 l20 37 1 -37 c0 -59 15 -52 16 8 0 30 -3 54
-6 54 -4 0 -19 -21 -33 -48 -26 -47 -27 -47 -27 -16 0 34 -25 53 -44 34 -5 -5
-14 -10 -18 -10 -12 0 -10 58 2 81 12 22 7 24 -21 9 -17 -10 -19 -7 -19 21 0
37 -20 101 -35 111 -5 4 13 29 43 58 52 50 52 50 73 31 27 -25 76 -30 272 -30
l159 0 40 37 c53 48 107 159 143 295 l28 105 63 -35 c83 -45 83 -36 0 13 -34
21 -70 51 -79 66 -9 15 -14 28 -11 28 2 0 54 -21 114 -46 110 -46 129 -63 91
-84 -13 -6 -17 -17 -14 -30 3 -11 0 -20 -6 -20 -6 0 -11 -16 -11 -35 0 -29 -6
-39 -30 -53 -16 -9 -30 -21 -30 -27 0 -5 -14 -19 -30 -30 -16 -11 -30 -25 -30
-32 0 -6 -9 -27 -19 -45 -26 -44 -40 -123 -20 -116 9 3 15 22 17 50 3 40 8 50
45 79 23 19 62 44 87 56 25 13 52 28 62 35 13 10 22 7 51 -15 l34 -26 7 46 c9
70 8 79 -19 111 -19 23 -25 42 -26 86 -1 31 1 59 5 63 3 4 19 -6 34 -20 32
-31 48 -33 72 -12 15 13 22 13 65 0 66 -19 69 -12 4 11 -44 16 -48 20 -28 24
15 4 31 20 42 43 15 32 20 36 37 27 31 -16 39 -12 46 25 7 39 18 43 54 19 21
-13 20 -12 -4 11 -16 14 -34 24 -41 22 -8 -4 -10 3 -7 19 3 19 8 22 22 14 10
-6 23 -10 29 -10 14 0 14 36 0 62 -9 18 -8 19 10 13 28 -8 27 -5 -13 58 -21
32 -36 71 -39 95 -2 23 -9 47 -15 54 -7 9 -6 20 3 38 8 14 14 35 15 48 0 13 6
22 15 22 13 0 14 4 5 20 -10 18 -8 20 27 20 44 0 55 -6 72 -37 15 -30 14 -35
-8 -28 -29 9 -31 -6 -9 -59 17 -37 19 -49 9 -56 -10 -6 -10 -12 -2 -28 15 -29
14 -34 -8 -27 -18 5 -18 4 0 -47 12 -36 18 -83 19 -145 0 -86 -1 -93 -20 -93
-27 0 -25 -14 10 -88 36 -76 37 -81 8 -55 -44 39 -51 39 -46 -1 3 -25 0 -36
-9 -36 -7 0 -13 -7 -13 -15 0 -8 -7 -15 -15 -15 -8 0 -15 -7 -15 -16 0 -13 -5
-11 -27 6 l-28 22 -3 -23 c-5 -31 -52 -91 -68 -85 -7 3 -26 -27 -50 -80 -23
-52 -42 -83 -50 -80 -6 2 -29 -2 -50 -9 -22 -8 -71 -14 -111 -15 -39 0 -74 -3
-76 -7 -3 -5 14 -6 38 -5 51 4 111 -13 119 -33 8 -22 31 -18 48 7 14 21 17 22
43 8 15 -8 36 -32 47 -54 22 -43 38 -36 38 18 0 27 1 28 37 21 21 -4 50 -13
65 -21 15 -8 34 -14 42 -14 9 0 26 -19 38 -43 18 -34 23 -38 26 -22 2 11 8 24
13 29 5 6 9 18 9 28 0 15 4 16 24 6 16 -6 38 -37 60 -81 l34 -70 13 42 c12 39
28 55 30 29 1 -26 18 29 18 62 1 19 4 45 7 56 6 24 49 48 66 38 6 -4 8 1 5 12
-23 76 -20 88 15 57 30 -27 39 -4 22 60 -15 58 -15 87 -1 98 10 7 -7 143 -27
202 l-15 47 23 0 24 0 -29 90 c-16 50 -29 95 -29 101 0 6 15 1 34 -11 22 -13
37 -17 41 -10 7 12 -19 107 -36 130 -9 12 -10 11 -4 -5 15 -42 35 -109 35
-117 0 -5 -16 0 -36 12 -19 12 -38 19 -41 16 -4 -4 4 -41 16 -84 13 -42 26
-86 29 -96 4 -16 1 -18 -16 -14 -27 7 -27 2 -3 -70 21 -64 35 -182 22 -182
-13 0 -11 -49 4 -110 16 -61 13 -70 -12 -48 -42 35 -46 34 -39 -16 7 -44 6
-47 -21 -58 -45 -21 -50 -28 -45 -85 4 -48 3 -53 -16 -53 -15 0 -21 -9 -26
-35 l-7 -36 -32 61 c-45 88 -106 116 -107 48 0 -31 -17 -27 -33 8 -10 19 -21
33 -26 30 -4 -3 -33 3 -64 14 -83 29 -95 27 -99 -17 l-3 -38 -21 36 c-12 19
-36 42 -54 51 l-32 16 41 4 c30 3 41 0 44 -12 2 -9 18 8 41 43 29 45 42 57 54
52 9 -4 23 -8 30 -8 8 0 19 -12 25 -26 6 -14 12 -28 14 -30 6 -8 37 26 49 54
l12 30 10 -35 10 -35 16 37 c9 21 16 49 16 63 0 23 2 24 20 15 12 -6 26 -22
32 -36 6 -13 15 -24 20 -24 13 0 9 41 -12 114 -19 68 -19 68 0 51 26 -24 26
-5 0 54 -19 41 -20 53 -9 227 7 126 7 189 0 202 -12 22 -5 32 21 32 19 0 19 8
0 60 -5 12 -1 12 21 -3 31 -20 33 -12 12 40 -12 28 -12 33 -1 24 11 -9 13 -6
10 14 -1 14 -8 33 -16 42 -22 28 72 -28 114 -68 27 -25 38 -44 38 -65 0 -23 2
-26 10 -14 9 13 11 13 20 0 13 -20 12 -8 -4 68 -12 53 -12 61 0 51 22 -18 28
14 13 73 -7 29 -12 62 -11 73 1 11 -14 48 -33 82 -25 45 -30 60 -18 56 13 -5
10 5 -12 43 -46 79 -94 132 -151 166 l-52 32 28 35 c80 99 112 199 94 290 -6
26 -11 31 -36 31 -16 0 -41 -9 -55 -20 -21 -17 -41 -20 -116 -20 -90 0 -91 0
-186 51 -89 48 -102 52 -181 57 -57 3 -111 -1 -162 -11 -68 -15 -81 -15 -112
-2 -34 14 -73 17 -126 8z m900 -205 c-41 -110 -92 -155 -125 -111 -17 22 -19
113 -4 147 11 24 63 56 91 56 8 0 23 6 34 14 18 14 19 12 22 -18 2 -18 -6 -58
-18 -88z m-845 -218 c40 -33 71 -130 42 -130 -8 0 -34 -10 -59 -23 -50 -25
-55 -14 -15 30 23 26 16 53 -13 53 -14 0 -24 9 -31 28 -8 24 -15 28 -44 27
-22 -1 -41 -9 -49 -21 -13 -17 -12 -20 15 -25 36 -8 38 -9 43 -40 2 -13 9 -23
15 -21 6 1 11 0 11 -3 0 -8 -23 -48 -39 -67 -12 -16 -12 -18 0 -18 8 0 20 5
27 12 7 7 12 8 12 2 0 -5 -5 -15 -12 -22 -9 -9 -8 -12 4 -12 9 0 20 5 23 10 3
6 23 10 44 10 27 0 46 7 66 25 26 25 28 25 41 8 8 -10 13 -29 11 -43 -2 -20
-13 -29 -62 -49 -33 -13 -78 -25 -100 -28 l-40 -4 65 36 c36 19 54 33 41 29
-15 -4 -21 -2 -17 4 4 6 -3 9 -17 8 -33 -4 -137 -74 -181 -123 -37 -41 -37
-43 -15 -44 21 -1 21 -2 4 -6 -11 -3 -30 -14 -41 -25 l-22 -20 -2 114 c0 62
-5 142 -9 178 -10 75 -6 82 72 135 44 30 52 32 131 30 55 -1 90 -6 101 -15z
m75 -290 c0 -5 -11 -10 -24 -10 -16 0 -43 -19 -82 -60 -31 -33 -60 -58 -62
-55 -3 3 2 13 11 23 10 10 17 32 17 49 0 26 5 31 38 41 73 22 102 26 102 12z
m-170 -35 c14 -8 12 -57 -3 -75 -7 -9 -30 -15 -60 -16 -26 0 -42 3 -36 7 8 4
8 12 1 24 -11 20 -5 55 10 55 5 0 6 4 3 10 -4 6 1 7 11 3 11 -4 15 -3 10 5 -6
11 41 2 64 -13z m300 -25 c0 -24 20 -36 31 -19 4 7 10 11 11 9 15 -20 39 -62
36 -65 -2 -1 -22 -12 -45 -24 l-43 -21 0 27 c0 16 -4 35 -10 43 -6 9 -5 17 3
22 8 5 6 8 -5 8 -17 0 -25 29 -12 43 11 11 34 -5 34 -23z m291 -102 c15 10 19
9 19 -2 0 -9 -17 -16 -47 -21 -27 -3 -58 -9 -71 -12 -21 -5 -23 -3 -21 35 l3
41 49 -26 c40 -23 52 -25 68 -15z m-471 27 c0 -2 -10 -9 -22 -15 -22 -11 -22
-10 -4 4 21 17 26 19 26 11z m270 -26 c11 -8 12 -12 3 -16 -9 -3 -10 -10 -3
-23 8 -16 0 -20 -70 -41 -43 -12 -77 -26 -74 -31 3 -4 12 -8 20 -8 8 0 12 4 9
10 -3 5 0 8 7 5 7 -3 41 4 76 14 67 21 76 15 51 -30 -9 -18 -17 -19 -82 -13
-40 3 -76 10 -81 15 -12 11 -39 12 -32 1 2 -4 -14 -5 -37 -3 -23 2 -36 6 -29
8 6 3 10 9 7 14 -4 5 2 6 11 2 10 -4 15 -2 11 3 -3 6 5 9 21 6 19 -2 39 5 66
27 22 17 50 34 63 37 12 4 21 10 18 14 -3 5 5 6 17 3 19 -4 20 -3 8 6 -8 6
-10 11 -5 11 6 0 17 -5 25 -11z m203 -47 c24 -27 50 -92 36 -92 -6 0 -9 -8 -6
-19 3 -14 0 -17 -14 -14 -25 7 -24 -4 4 -29 l22 -20 -22 5 c-44 10 -23 -19 27
-37 49 -17 60 -32 41 -51 -5 -6 -11 -28 -13 -50 -3 -45 0 -44 -120 -30 -52 6
-58 9 -58 29 0 13 9 31 19 40 18 17 22 17 68 -3 46 -20 47 -20 23 -1 -14 11
-34 23 -45 26 -11 4 -41 30 -67 57 -44 47 -46 52 -32 69 11 11 15 31 13 62 -4
42 -3 45 25 50 16 3 43 6 60 6 24 0 27 3 16 10 -8 5 -10 10 -4 10 6 0 18 -8
27 -18z m-693 4 c0 -2 -8 -10 -17 -17 -16 -13 -17 -12 -4 4 13 16 21 21 21 13z
m120 1 c0 -2 -10 -12 -22 -23 l-23 -19 19 23 c18 21 26 27 26 19z m-57 -71 c3
3 20 -4 37 -16 22 -16 28 -25 20 -30 -18 -11 -49 0 -64 22 -13 19 -15 18 -36
-11 -12 -17 -26 -31 -33 -31 -6 0 4 15 21 33 18 18 29 37 25 42 -5 5 -1 4 8
-3 9 -6 19 -9 22 -6z m137 -1 c-33 -19 -49 -19 -24 0 10 8 26 14 34 14 9 0 4
-6 -10 -14z m-249 -49 c-10 -11 -8 -15 6 -18 15 -4 13 -7 -9 -18 -15 -7 -24
-18 -21 -24 4 -6 -2 -4 -12 4 -17 14 -18 13 -11 -5 4 -11 4 -16 0 -12 -4 4
-16 -1 -27 -10 -19 -17 -20 -17 -8 4 6 12 16 25 21 28 6 4 7 11 4 17 -4 6 -3
8 3 5 6 -4 21 5 33 18 25 27 40 35 21 11z m194 -15 c6 -11 -33 -26 -43 -16 -4
3 0 10 8 15 19 12 27 12 35 1z m175 -46 c22 4 53 4 70 0 42 -9 39 -47 -5 -56
-49 -11 -125 -10 -146 1 -31 17 -22 4 14 -19 l32 -20 -40 5 c-31 4 -49 16 -82
52 -42 45 -43 61 -4 62 10 0 11 -3 2 -14 -9 -11 -5 -17 16 -31 16 -10 22 -12
16 -4 -19 19 -16 28 7 22 24 -6 26 4 3 29 -13 14 -5 12 30 -8 38 -21 55 -24
87 -19z m-287 28 c11 -10 -26 -32 -53 -32 l-25 0 24 19 c24 20 43 25 54 13z
m37 -20 c-8 -3 -24 -10 -35 -15 -20 -9 -20 -9 -1 6 11 9 27 16 35 15 14 0 14
-1 1 -6z m-144 -42 c-10 -11 -25 -17 -33 -14 -12 5 -12 7 -2 14 7 4 16 6 20 3
4 -2 10 0 14 6 3 5 9 10 12 10 3 0 -2 -9 -11 -19z m-751 -11 c-3 -5 -25 -9
-48 -8 l-42 1 45 7 c25 4 46 8 48 8 2 1 0 -2 -3 -8z m1352 4 c-3 -3 -12 -4
-19 -1 -8 3 -5 6 6 6 11 1 17 -2 13 -5z m-22 -25 c-49 -4 -115 -10 -145 -12
l-55 -5 60 13 c33 7 98 13 145 13 l85 -1 -90 -8z m48 -16 c12 -11 -25 -43 -49
-43 -26 0 -38 14 -30 35 5 15 66 21 79 8z m-123 -29 c14 -35 14 -34 -20 -34
-34 0 -34 0 -18 35 14 32 26 32 38 -1z m-190 -25 c0 -5 -44 -10 -97 -11 -54
-1 1 -5 122 -8 l220 -6 -205 -2 c-113 -1 -223 1 -245 5 -37 7 -32 9 70 28 105
21 135 19 135 -6z m93 21 c9 0 17 -7 17 -15 0 -20 -42 -20 -80 0 -41 21 -38
29 8 21 20 -3 45 -6 55 -6z m277 -61 c-25 -6 -13 -7 45 -5 47 2 70 0 55 -4
-16 -5 -19 -8 -7 -9 21 -1 21 -5 0 -39 -39 -62 -40 -63 -87 -40 -35 16 -42 25
-39 43 3 12 -2 29 -11 38 -15 14 -14 16 2 20 9 3 31 5 47 5 29 -1 29 -1 -5 -9z
m-445 -6 c-61 -4 -104 -23 -52 -23 15 0 27 -5 27 -11 0 -8 -14 -10 -42 -6 -24
3 -74 9 -111 13 -102 10 -93 26 11 18 62 -5 91 -3 96 5 4 6 32 10 69 9 l62 -2
-60 -3z m267 -18 c3 -14 0 -28 -6 -32 -6 -3 -7 -2 -3 3 5 5 -15 13 -49 19 -80
14 -84 35 -6 35 56 0 60 -2 64 -25z m67 -36 c-8 -5 -18 -8 -24 -8 -5 0 -4 3 3
6 6 2 12 17 13 31 l0 27 12 -23 c8 -19 8 -25 -4 -33z m-294 30 c-14 -7 -1 -8
45 -6 36 2 57 2 48 0 -10 -3 -18 -8 -18 -11 0 -4 -29 -7 -65 -7 -35 0 -57 3
-47 7 13 5 14 7 2 8 -10 1 -9 4 5 10 28 12 56 11 30 -1z m161 -18 c-3 -5 17
-11 44 -15 34 -5 53 -13 60 -25 7 -14 6 -20 -6 -25 -8 -3 -12 -10 -9 -16 8
-13 -11 -13 -36 1 -15 8 -25 7 -37 -3 -16 -12 -16 -11 -2 6 14 18 13 19 -10
14 -14 -4 -34 -3 -44 1 -43 16 24 20 70 4 30 -10 49 -12 55 -6 7 7 -1 12 -22
17 -103 20 -136 39 -86 49 12 2 23 5 25 6 2 0 1 -3 -2 -8z m-139 -17 c-3 -3
-12 -4 -19 -1 -8 3 -5 6 6 6 11 1 17 -2 13 -5z m50 -10 c-3 -3 -12 -4 -19 -1
-8 3 -5 6 6 6 11 1 17 -2 13 -5z m273 -4 c18 -12 2 -12 -25 0 -13 6 -15 9 -5
9 8 0 22 -4 30 -9z m-754 -25 c6 -8 13 -13 16 -10 2 3 4 -5 4 -18 -1 -12 4
-21 11 -20 7 2 10 -4 7 -12 -4 -8 -15 -15 -25 -15 -14 0 -19 7 -19 28 0 15 -5
34 -10 42 -8 13 -10 13 -10 1 0 -11 -4 -9 -16 5 -14 18 -15 18 -4 -5 10 -19 9
-25 -1 -32 -10 -6 -10 -9 -2 -9 7 0 17 8 23 18 8 13 9 11 4 -13 -9 -42 -12
-45 -41 -45 -20 0 -24 3 -18 18 4 9 10 28 12 42 3 14 6 30 8 37 5 16 47 8 61
-12z m329 9 c-9 -7 -25 -10 -36 -7 -34 9 -28 18 12 18 32 0 36 -2 24 -11z
m175 2 c0 -2 -9 -6 -20 -9 -11 -3 -18 -1 -14 4 5 9 34 13 34 5z m280 -7 c-12
-9 -11 -10 8 -6 12 3 20 1 17 -3 -3 -5 3 -11 12 -13 10 -3 -3 -5 -29 -6 -25 0
-54 -4 -64 -8 -15 -5 -14 -3 3 14 21 21 39 31 58 32 6 0 3 -4 -5 -10z m-517
-19 c-10 -10 -65 -1 -58 9 2 4 18 6 35 3 17 -2 28 -8 23 -12z m167 10 c18 -12
2 -12 -25 0 -13 6 -15 9 -5 9 8 0 22 -4 30 -9z m80 -32 c10 -6 7 -7 -10 -2
-14 3 -32 11 -40 16 -10 6 -7 7 10 2 14 -3 32 -11 40 -16z m-280 2 c13 -9 13
-10 0 -10 -8 0 -22 5 -30 10 -13 9 -13 10 0 10 8 0 22 -5 30 -10z m-62 -36
c10 -2 10 1 1 12 -6 7 -15 12 -19 9 -5 -3 -11 -2 -14 3 -7 12 34 13 57 1 26
-15 9 -30 -40 -36 -33 -3 -40 -1 -49 21 l-12 25 32 -16 c17 -9 37 -18 44 -19z
m489 10 c52 -27 81 -50 49 -38 -13 5 -17 4 -12 -4 10 -17 -4 -14 -44 9 -19 11
-26 17 -15 13 53 -17 55 -12 5 15 -30 17 -50 30 -43 31 7 0 34 -11 60 -26z
m-583 10 c17 -6 22 -30 8 -36 -5 -1 -2 -36 6 -76 18 -92 5 -116 -28 -51 -12
24 -33 58 -46 76 -13 17 -24 36 -24 42 0 15 50 14 50 -1 1 -7 7 -26 15 -43
l15 -30 -6 40 c-3 22 -8 50 -11 63 -6 24 -3 25 21 16z m236 -69 c13 -14 21
-25 18 -25 -2 0 -15 11 -28 25 -13 14 -21 25 -18 25 2 0 15 -11 28 -25z m-370
-12 c0 -13 -3 -13 -15 -3 -8 7 -12 16 -9 21 8 13 24 1 24 -18z m-45 6 c11 -17
-1 -21 -15 -4 -8 9 -8 15 -2 15 6 0 14 -5 17 -11z m11 -17 c6 9 11 4 15 -17
10 -44 9 -207 -1 -230 -7 -16 -9 -17 -9 -3 -1 23 -15 30 -43 19 -23 -8 -23 -8
11 -29 18 -11 53 -23 78 -27 45 -7 57 -31 14 -29 -11 0 -21 -5 -21 -13 0 -23
-45 -14 -72 15 -36 38 -80 128 -47 95 6 -6 18 -9 25 -6 15 6 19 33 5 33 -4 0
-6 12 -3 28 5 23 3 25 -10 14 -13 -10 -17 -10 -22 3 -3 8 -1 15 4 15 6 0 10 9
10 21 0 14 -5 19 -15 16 -11 -5 -9 5 8 41 25 54 37 65 53 51 8 -7 15 -6 20 3z
m440 -23 c4 -8 9 -7 15 2 11 18 3 -53 -11 -95 -5 -17 -23 -39 -40 -48 -16 -9
-36 -33 -44 -52 -12 -28 -21 -36 -40 -36 -14 0 -30 8 -36 18 -9 16 -11 16 -20
1 -12 -21 -70 -32 -102 -20 -29 11 -62 73 -53 101 3 11 2 26 -2 35 -5 9 -8
-15 -8 -60 0 -65 2 -75 20 -81 14 -5 6 -9 -29 -11 -26 -2 -50 -2 -52 0 -2 2 4
24 15 48 10 24 25 70 32 101 13 60 36 83 54 52 6 -9 20 -28 31 -42 l22 -26 6
32 c4 17 5 40 1 51 -4 14 0 20 22 24 41 8 45 0 24 -41 -10 -20 -21 -53 -24
-72 -6 -32 -5 -31 8 7 25 78 65 129 65 86 0 -10 5 -25 11 -33 7 -11 9 -6 7 20
l-3 35 50 6 c28 3 55 7 62 7 6 1 15 -3 19 -9z m84 -42 c0 -51 -78 -211 -133
-274 -30 -34 -31 -34 -91 -28 -34 4 -64 9 -67 11 -8 5 33 114 43 114 10 0 39
-100 32 -111 -3 -5 0 -9 5 -9 13 0 14 6 2 48 -9 29 -8 32 12 33 12 1 29 1 37
0 11 -1 12 0 2 7 -19 13 10 76 48 103 16 13 35 39 41 58 6 20 12 42 14 49 6
16 55 16 55 -1z m-340 -233 c44 -14 48 -18 37 -35 -12 -20 -37 -26 -37 -9 0 6
7 10 15 10 8 0 15 5 15 10 0 7 -6 7 -17 2 -10 -5 -37 -9 -59 -9 -37 0 -42 3
-40 24 1 28 18 29 86 7z m-124 -49 c-4 -10 1 -15 17 -16 12 0 31 -4 42 -9 14
-6 -2 -9 -50 -9 -38 1 -64 3 -56 6 11 5 11 7 0 14 -10 6 -6 9 14 9 15 0 27 5
27 10 0 6 3 10 6 10 3 0 4 -7 0 -15z m844 -9 c0 -13 -13 -36 -21 -36 -5 0 -18
9 -29 20 l-20 20 35 0 c19 0 35 -2 35 -4z"/>
<path d="M1123 1872 c2 -40 5 -48 15 -39 16 13 12 79 -5 84 -8 3 -11 -11 -10
-45z"/>
<path d="M1158 1867 c3 -43 0 -56 -17 -71 -12 -11 -21 -24 -21 -29 0 -6 -10
-21 -22 -34 -12 -13 -17 -23 -10 -23 6 0 19 11 30 25 11 14 24 25 30 25 6 0
20 20 32 45 21 44 21 47 6 80 -10 19 -20 35 -24 35 -4 0 -6 -24 -4 -53z"/>
<path d="M1187 1645 c-8 -18 11 -31 25 -17 11 11 3 32 -12 32 -4 0 -10 -7 -13
-15z"/>
<path d="M1069 1343 c-13 -16 -12 -17 4 -4 9 7 17 15 17 17 0 8 -8 3 -21 -13z"/>
<path d="M1249 693 c-13 -16 -12 -17 4 -4 9 7 17 15 17 17 0 8 -8 3 -21 -13z"/>
<path d="M712 1891 c-6 -17 -7 -31 -3 -31 8 0 22 52 16 58 -1 2 -7 -11 -13
-27z"/>
<path d="M767 1255 c-16 -20 -37 -35 -50 -36 -22 -1 -22 -1 1 -8 l24 -6 -24
-22 c-13 -12 -34 -23 -48 -26 -22 -4 -22 -4 6 -6 35 -1 69 30 102 97 12 23 21
42 19 42 -1 0 -15 -16 -30 -35z"/>
<path d="M209 1205 c-15 -8 -29 -21 -33 -30 -4 -11 4 -9 25 7 26 19 42 23 99
21 38 -1 72 2 75 7 10 16 -136 11 -166 -5z"/>
<path d="M1480 450 c-7 -14 -8 -26 0 -39 5 -11 10 -22 10 -26 0 -8 -43 16 -52
29 -6 8 -8 7 -8 -1 0 -6 5 -15 10 -18 18 -11 10 -26 -10 -20 -11 4 -20 2 -20
-4 0 -6 -6 -8 -14 -5 -20 8 -29 -27 -16 -60 14 -38 13 -39 -15 -20 l-26 17 4
-37 c2 -20 7 -39 12 -43 4 -5 5 7 2 25 -7 37 -5 38 28 16 29 -19 30 -18 10 29
-8 20 -12 43 -9 51 5 14 9 14 37 -1 l32 -16 -20 22 -19 22 28 -11 c24 -9 27
-8 22 5 -13 34 17 11 46 -35 17 -28 33 -48 35 -46 2 2 -12 36 -32 75 -28 57
-33 75 -25 91 6 11 8 20 6 20 -3 0 -10 -9 -16 -20z"/>
<path d="M1316 244 c4 -16 13 -41 20 -56 8 -15 14 -42 14 -60 l-1 -33 -26 50
c-23 44 -27 48 -37 32 -6 -10 -16 -26 -23 -35 -11 -15 -12 -14 -13 8 -1 46
-16 54 -31 18 l-14 -33 -5 50 -5 50 -25 -47 c-14 -26 -29 -47 -34 -47 -10 0
-38 -82 -31 -89 2 -2 22 31 44 74 31 62 40 73 41 52 0 -14 3 -34 7 -43 5 -14
9 -11 24 16 l18 34 1 -39 c0 -38 0 -39 20 -21 11 10 22 27 26 38 6 18 10 14
30 -28 13 -27 24 -56 25 -64 0 -12 3 -10 9 4 14 32 11 84 -6 116 -8 17 -13 37
-10 44 3 8 -2 19 -10 26 -13 11 -14 9 -8 -17z"/>
<path d="M966 195 c-3 -9 -6 -34 -6 -56 0 -49 -15 -50 -30 -3 -7 19 -14 34
-16 31 -9 -8 19 -68 36 -77 17 -9 19 -4 22 53 4 69 3 76 -6 52z"/>
<path d="M1019 123 l16 -58 9 42 c11 53 36 66 36 20 1 -29 2 -30 14 -14 15 19
10 57 -6 57 -22 0 -48 -22 -49 -43 0 -18 -3 -16 -12 10 -21 55 -25 46 -8 -14z"/>
</g>
</svg>
